student,AD JCommTable4.R0C0,AD JCommTable4.R1C0,AD JCommTable5.R0C0,AD JCommTable5.R1C0,AD JCommTable6.R0C0,AD JCommTable6.R1C0,AD JCommTable8.R0C0,AD done,AS JCommTable4.R0C0,AS JCommTable4.R1C0,AS JCommTable5.R0C0,AS JCommTable6.R0C0,AS JCommTable6.R1C0,AS JCommTable8.R0C0,AS done,M  JCommTable4.R0C0,M  JCommTable4.R1C0,M  JCommTable5.R0C0,M  JCommTable6.R0C0,M  JCommTable6.R1C0,M  JCommTable8.R0C0,M  done
BKT Controller_human(1),0.9910650427105132,0.9992589035132268,0.967920298097844,0.9999056585847372,0.7012100321237594,0.6191365471319552,0.8770718751944654,0.9999597905076144,,,1.8606017693015173e-10,0.7761548421517508,0.7039614981132247,7.697348306643985e-12,0.9999635339080742,3.793340022786855e-13,,,0.9649183086641624,0.8992899336495719,3.8241104575125915e-14,0.9999998309300134
BKT Controller_human(10),0.999540036719924,0.9999896837397004,0.9971171803172768,0.9999996963383916,0.7459186483014995,0.6604071222090294,0.8825166416757756,0.9999999409209838,,,,0.723248227094221,0.6645976789587015,7.04840914454382e-12,0.9987353428452136,3.473535487783541e-13,6.6417793474093855e-21,,0.9618117220501684,0.8910280865427158,3.5017117641921785e-14,0.9999998153639316
BKT Controller_human(11),0.9496953974049716,0.9909238817248238,0.8746159279451743,0.9973178212793372,0.6580050300790286,0.5775591402069924,0.8658618849292956,0.9982090489390828,,,1.8230632151719698e-10,0.7609906414312099,0.6930497245409676,7.54205052563526e-12,0.99988210519864,,,,0.964221789167942,0.8974289234331465,3.746957151629858e-14,0.9999998274487071
BKT Controller_human(12),0.9992552092290268,0.9999798808121148,0.9956810644442694,0.9999992700484632,0.7286430551587506,0.6415912848777983,0.8756533298740595,0.9999998411493916,,3.2934783236621884e-24,1.62934795601411e-10,0.7142233998261764,0.6545737254337167,6.7406464600908336e-12,0.9986776778101916,,6.351771801082557e-21,6.7569924749007126e-12,0.9136007308673578,0.8328604805671749,3.3488125509605137e-14,0.9999954292748866
BKT Controller_human(13),0.9874329680401932,0.998740953198766,0.9584615310219649,0.9998023659725748,0.7112202838569758,0.631932909316529,0.8847161644699485,0.9999057761863211,9.999919281022891e-16,4.12671965803194e-24,,0.7918669750484925,0.7229320912577273,8.446012246323857e-12,0.999966766195684,4.1622900524453073e-13,7.958753323663559e-21,8.466493759792925e-12,0.9679282560192702,0.9073902541184496,4.1960532989772605e-14,0.9999998459165632
BKT Controller_human(14),0.9620438388358874,0.9943660542956492,0.8966390764231502,0.9986520836252584,0.6355199102968361,0.5517971822341412,0.8509131810239765,0.999195629752906,,3.1939883381372396e-24,,0.7340182586608351,0.6618174381510827,6.537023799537539e-12,0.999863982072053,,6.159896336165333e-21,6.552876030992258e-12,0.9393093581508126,0.8582298172846914,3.247651019145643e-14,0.9999990313481836
BKT Controller_human(15),0.9208483580849202,0.9824182457016424,0.8227146199253592,0.9935647097728968,0.6372227281290138,0.5567683299903503,0.8579538309923083,0.9951900844484376,,,,0.7524271019549014,0.6830657264411553,7.1992351239921615e-12,0.9998764919409447,,,,0.8821155952941095,0.8094676727385257,3.576643439660065e-14,0.999979177460687
BKT Controller_human(16),0.9972829483230078,0.999871631752088,0.9875551300831726,0.9999912779117722,0.7048828942147242,0.6187705031267446,0.8708724329696848,0.9999973437327988,8.114480501165902e-16,,,0.743147359991908,0.6723183604462379,6.853555489750113e-12,0.9998702632496129,3.3775094099871634e-13,,,0.9736573597843072,0.9087570971096997,3.404906751699423e-14,0.9999999609742438
BKT Controller_human(17),0.9998045394821904,0.999996977046942,0.9985705452697464,0.9999999414304194,0.7589548212782851,0.673122443121387,0.8846497449658917,0.9999999908922164,,,1.6714436569201042e-10,0.7448417613190074,0.6742752104245918,6.914797252311204e-12,0.99987141213154,,,,0.8264527214054237,0.7651172427183759,3.435332198920725e-14,0.99989452627467
BKT Controller_human(18),0.9911218628155264,0.9992636550855184,0.9681195680503722,0.9999062638477996,0.7025569155836006,0.6206532511245856,0.8777642027494666,0.9999600484921859,,,,0.7989314260518032,0.7181986506911727,7.747055490811145e-12,0.9999963898124176,,,,0.9766245461619896,0.9184220397658904,3.848805424560469e-14,0.999999965475246
BKT Controller_human(19),0.9991995061323552,0.9999739616582324,0.9956998544919404,0.999998835575866,0.7872781391789622,0.7128991312120632,0.9086592542579132,0.999999716562352,,,,0.7826879416673629,0.7319658135640884,9.714019200921881e-12,0.9990820570423228,,,,0.9098835513267728,0.8514665832651614,4.826010326015007e-14,0.999984567956746
BKT Controller_human(2),0.9421833783746872,0.9895004728426474,0.8575736625745229,0.9968940317450892,0.6241722494117924,0.5413156494780921,0.8478367731237231,0.9979257822669348,,3.1808911943750623e-24,,0.7203301622945817,0.6538166731940519,6.5102183352042636e-12,0.9995674453909216,3.20830898956038e-13,6.134637305970528e-21,,0.9108153771510183,0.8279623577159547,3.234333828290784e-14,0.999995267495576
BKT Controller_human(20),0.991356292259633,0.9992832539287972,0.9689423460534472,0.9999087603274726,0.7081673998026232,0.6269883938985671,0.8806313704821495,0.9999611125784196,9.423363474588738e-16,3.888789319446155e-24,,0.7706409197899291,0.7043775461021947,7.959048575423562e-12,0.9998882813652359,3.922308865561748e-13,7.499883075636317e-21,,0.9898757110689872,0.9477819858128164,3.954125456797206e-14,0.9999999985805332
BKT Controller_human(21),0.9875825663214196,0.9989667251432416,0.955819101561274,0.9998684307713304,0.6272451440495511,0.5382339159994021,0.8364898053331391,0.9999439223494504,,,,0.6425067115142521,0.5930050651365344,5.5191605496773406e-12,0.9840292008842256,,,5.532544470732595e-12,0.9854650607292678,0.926396740416159,2.7419675885588704e-14,0.9999999979530212
BKT Controller_human(22),0.9946491091299215,0.9996325946341382,0.9790958972650404,0.9999620664635788,0.7263846149739659,0.6462950281833462,0.8873195931632489,0.999985546105684,,4.068957793751322e-24,,0.7553639443824411,0.7007029818694739,8.327793066561729e-12,0.9989294218576956,,7.847354327022335e-21,,0.9288962563217092,0.8602634574366466,4.1373209688810933e-14,0.9999963003801068
BKT Controller_human(23),0.986016196930218,0.9985972007861864,0.9539309868872432,0.9997797742684642,0.6884878523626372,0.6064130401300302,0.8732063525352829,0.9998950041452526,,,1.832094384485557e-10,0.7247940760338858,0.6737177613941705,7.579412661360308e-12,0.9962833649641908,3.735220007224504e-13,,,0.6961931790142808,0.6946845217200279,3.765518989843533e-14,0.9977268580158264
BKT Controller_human(24),0.970782834316982,0.9956964988543692,0.9191716153613368,0.9989714382170763,0.6956545303628713,0.6174297301798701,0.8821032112701149,0.9993862840188392,,4.187017254249192e-24,,0.7722266623906149,0.7131404608665337,8.569421219617956e-12,0.9996713526378459,,8.075042709439728e-21,,0.978820263928383,0.9256687678472264,4.257363964225693e-14,0.9999999687884188
BKT Controller_human(25),0.9966153326625976,0.9998073379744226,0.9856578449050472,0.9999838640104844,0.7394881696821489,0.6600159061840294,0.8914825004932311,0.9999945033229516,,,,0.7711316417968648,0.7118673704158811,8.516327490344154e-12,0.9996693044141548,,,8.536979517728605e-12,0.9527481405287276,0.8874712935314891,4.230986531731059e-14,0.9999992564751168
BKT Controller_human(26),0.9983288542890036,0.9999344928670396,0.9917105666526048,0.9999963891083352,0.7240652396062839,0.6392265839776377,0.8784809530025817,0.9999990168655776,,,,0.7275222621604576,0.6693634087322555,7.20127510319541e-12,0.9987621552807444,,,,0.9445973584435374,0.8696015917652766,3.5776569193018246e-14,0.9999991206973136
BKT Controller_human(27),0.9853298244196168,0.9985274244013004,0.9517468326522884,0.9997688064413144,0.6779673442288825,0.594752203396801,0.8677256919703856,0.999889774439739,,,,0.7280303216370733,0.6699307114528054,7.219765966315827e-12,0.9987653216655064,,,,0.9749600878880252,0.9129825104250336,3.586843343016945e-14,0.9999999629537596
BKT Controller_human(28),0.9957985586325644,0.9997606605802928,0.9822439651460962,0.999979953789214,0.6955758497429733,0.6097765831987504,0.86863946719574,0.9999931713000482,,,,0.7176476338897372,0.6583708204409725,6.855102703166932e-12,0.9986997272590196,,,,0.8769260304807651,0.8017985522016517,3.4056754209568863e-14,0.999978132173042
BKT Controller_human(29),0.998205136811692,0.9999296348954724,0.991101254547186,0.9999961213088668,0.7095446883748177,0.6225687405345174,0.870634432199533,0.9999989439518364,,,,0.7512399653099459,0.6743822790395536,6.704070107064888e-12,0.9999581313008477,,,,0.9730857882252334,0.9069119779775946,3.3306410965150575e-14,0.9999999601040591
BKT Controller_human(3),0.9987785107393238,0.999952139632985,0.993930183654138,0.9999973618793742,0.7822123881696188,0.7080429000980383,0.9082133240029152,0.9999992817216348,,4.8159602533141725e-24,,0.8062415793822075,0.7468853089621801,9.856656775333613e-12,0.9999097875490636,,9.28801635412645e-21,,0.9110716730142348,0.8533007152816324,4.8968739297157445e-14,0.9999847912734132
BKT Controller_human(30),0.99856438496752,0.9999532737999032,0.99230944013635,0.999997910381894,0.6734521639330415,0.5804816044684153,0.8471754912299749,0.9999994913564236,6.408960853026253e-16,,,0.7091658242482455,0.6257841610782007,5.41305987876903e-12,0.9999481461691084,2.6676169332376614e-13,5.1007750219594515e-21,,0.977806932642922,0.9078700197592884,2.6892558404337842e-14,0.9999999898449052
BKT Controller_human(4),0.9934222608308616,0.9995478367781828,0.9743948200825622,0.9999533119113212,0.6832383101633821,0.5975171999969893,0.8648285646674566,0.999982210244018,8.011026120871781e-16,,,0.7149943875028849,0.6554280020113855,6.7661770881510235e-12,0.9986826607189396,,,6.782585014533753e-12,0.941244027262614,0.8623704000926186,3.36149639192275e-14,0.9999990641539376
BKT Controller_human(5),0.9708346152987458,0.9964298159580796,0.9134425059182208,0.9993079878713012,0.6071834793030435,0.5202563999072696,0.8315523295510209,0.9996308869483764,,,1.3397136383814222e-10,0.7140127126496498,0.6312981811234311,5.542423250053903e-12,0.9999493564062844,,,5.5558635829751615e-12,0.9676274020565628,0.8895562963753312,2.75352470306589e-14,0.9999999517421946
BKT Controller_human(6),0.9979723615149474,0.9999204914510316,0.9899564485453238,0.9999956172626971,0.6837366378856956,0.5934604518243133,0.8562397816794871,0.9999988067151476,,2.8988873924904207e-24,,0.7012517082403301,0.6325156227025591,5.933051054266684e-12,0.9995253864443524,2.9238744467264946e-13,5.5907673846961754e-21,,0.8604679913299863,0.7778392674202197,2.9475920378909886e-14,0.9999747337939832
BKT Controller_human(7),0.9923477786209352,0.9994734449599076,0.9703050883619666,0.9999456269593106,0.6493781504464333,0.5603896645177887,0.8460043782374983,0.9999792819163392,,2.8386755490420792e-24,,0.6829535923384488,0.6202473734728641,5.809817588153443e-12,0.9984661448834916,2.8631436053337e-13,5.474643380916152e-21,,0.8579288242879449,0.7741910424814091,2.886368566156665e-14,0.9999741978801172
BKT Controller_human(8),0.9527624822801464,0.9914997540157454,0.8816903650485235,0.9974890313340691,0.6727279037304517,0.5936062873472729,0.8733587257145488,0.9983234653768872,,3.9369841475052975e-24,,0.7947902314375925,0.7197902031712058,8.057687238023683e-12,0.9999890038180084,,,,0.8933351715864559,0.8262394965782053,4.003130013449752e-14,0.9999813958168744
BKT Controller_human(9),0.995496068272544,0.9996909939947181,0.9823610196917028,0.9999680976991931,0.7594231803130268,0.6848079788940377,0.9035069796431386,0.9999878442453212,,,,0.7859345223102692,0.7357142952058058,9.902249648612211e-12,0.9990994903757182,,,,0.9114448661234932,0.8538774640012561,4.9195248708644447e-14,0.9999848612978088
