student,AD JCommTable4.R0C0,AD JCommTable4.R1C0,AD JCommTable5.R0C0,AD JCommTable5.R1C0,AD JCommTable6.R0C0,AD JCommTable6.R1C0,AD JCommTable8.R0C0,AD done,AS JCommTable4.R0C0,AS JCommTable4.R1C0,AS JCommTable5.R0C0,AS JCommTable5.R1C0,AS JCommTable6.R0C0,AS JCommTable6.R1C0,AS JCommTable8.R0C0,AS done,M  JCommTable4.R0C0,M  JCommTable4.R1C0,M  JCommTable5.R0C0,M  JCommTable5.R1C0,M  JCommTable6.R0C0,M  JCommTable6.R1C0,M  JCommTable8.R0C0,M  done
Default BKT Controller(1),0.9007348827644048,0.9775693816945864,0.7835262945647714,0.9917641532813928,0.5780606174388727,0.4948860631161332,0.8248971288959311,0.9938414794131942,,2.7435428651810585e-24,,,0.7544846191202884,0.6559119637460822,5.615112863942394e-12,0.9999984277567752,,5.291171367644232e-21,,,0.7945365279835259,0.7256654282690409,2.7896375436897892e-14,0.9998701163023817
Default BKT Controller(10),0.9380845644740484,0.9887159514666682,0.8484414568471321,0.9966600900783472,0.6069339748771319,0.5231801839357265,0.8381980423231022,0.9977693782102316,7.166393845326691e-16,2.9573937076503724e-24,1.463080342187041e-10,4.687670961531617e-15,0.6634160814764242,0.6150751627428948,6.0527938755084236e-12,0.985416702909412,2.9828850589742853e-13,5.7036021224104975e-21,6.067471853194401e-12,5.3628127703519355e-12,0.7341798704474111,0.6947662736383888,3.0070813264982484e-14,0.9994139974007396
Default BKT Controller(11),0.98026196469533,0.997604250016376,0.9402799779766616,0.9995360703476232,0.6975350057711831,0.6180238175716296,0.8804573058592617,0.9997525704429026,,,,,0.7540555161304214,0.6992186141634921,8.269140570281607e-12,0.99892183650105,,,,,0.850631116376875,0.7957287401980246,4.108181891961262e-14,0.9999117995371914
Default BKT Controller(12),0.9956436012691291,0.9998287913503826,0.97861858788282,0.9999905616745473,0.5009718419840394,0.40400120494632097,0.7344450801120541,0.9999974302242056,3.2619039529614234e-16,1.3461071821692802e-24,6.659454748182222e-11,,0.5053143052880903,0.4364647184587772,2.755030311642969e-12,0.9967708928326758,1.3577099968409254e-13,2.596089848082001e-21,2.761711238545543e-12,,0.654856860735846,0.5648101775298734,1.3687233324718408e-14,0.9997353156900632
Default BKT Controller(13),0.9942926529459885,0.9996744107905858,0.9759968481460568,0.9999727276606508,0.6267918139085447,0.5345780020220604,0.8293662486203777,0.9999907096901384,,2.46192029177479e-24,1.217959980674039e-10,,0.6659402658341066,0.5937859731533988,5.038725829946599e-12,0.9994411941904268,,4.748036680083554e-21,,,0.9226583659451248,0.8235135432376705,2.5032833868456812e-14,0.9999987433136139
Default BKT Controller(14),0.9166821508066932,0.9814274535017808,0.8144240255084423,0.9931977098124234,0.6242198405154359,0.5429500858862844,0.8510127396952043,0.9949153040602204,,,1.6457019482598198e-10,,0.7541119587782196,0.6777609944671431,6.808303266944085e-12,0.999958772272132,,,6.8248133489800615e-12,,0.9143858076783634,0.8342461063051347,3.382425048706994e-14,0.9999954746957872
Default BKT Controller(15),0.8034968038465496,0.93125176108574,0.6552808362416518,0.9609928133584632,0.5753594338384501,0.495310531065389,0.8303455212481546,0.9634882185846384,7.188001726466617e-16,2.966310746414653e-24,,4.70180507684066e-15,0.7193328723291258,0.6450732578531791,6.0710440656944975e-12,0.999853543617886,,,,,0.7347670102518137,0.6954043518753931,3.016148181779077e-14,0.9994157579563381
Default BKT Controller(16),0.7449348711502999,0.8893226715559263,0.5944463898481993,0.9222187065401709,0.589104275553241,0.5110319770368148,0.8414716624803291,0.9190539410942395,,3.281819322195086e-24,1.6235800206158403e-10,,0.7134990193524182,0.6537714416692078,6.7167843911037126e-12,0.9986729863581866,3.3101070706632424e-13,6.329286358802441e-21,6.73307254058341e-12,,0.8747091201066208,0.7985392744191435,3.3369576648469054e-14,0.999977681860328
Default BKT Controller(17),0.9290829842480284,0.9843562018322544,0.8393778770050103,0.9942811943010872,0.6642045564311919,0.5858448800670449,0.871820951195596,0.995726383364708,9.598580463566626e-16,3.961097042390319e-24,,,0.7738810267011519,0.7081992946619597,8.107038253447099e-12,0.9998903205059082,,,,,0.9271012433561766,0.8570025380657038,4.027648032727669e-14,0.9999961996397664
Default BKT Controller(18),0.9933197951465852,0.9995407490272974,0.9740037080760844,0.9999525797644572,0.6798610422564706,0.5937693876707074,0.8629991674744144,0.9999819312628744,,,,,0.7249405609336985,0.6590044940636021,6.661705514460307e-12,0.9995772775244416,,,,,0.8210392695985684,0.7583499751112603,3.3095939936486705e-14,0.9998905195520892
Default BKT Controller(19),0.9963288980289948,0.999790976887722,0.9844585702106196,0.9999824934607144,0.7234793107570031,0.6414910016338571,0.8833404329838428,0.9999940364438415,,3.8353086391562096e-24,,,0.7442717896518246,0.6881556051621697,7.849591544634411e-12,0.9988642757086692,,7.396740730800519e-21,,,0.7817469137930964,0.7469553069637236,3.8997462395112805e-14,0.999548074728669
Default BKT Controller(2),0.9769169352620864,0.9971898137894748,0.9306385935049012,0.9994556336863694,0.6627598036272907,0.5796163812825512,0.8625695626255729,0.9997096599157272,,,,,0.6964808396150488,0.6503861649411711,7.0467086074737e-12,0.9874478093753888,3.472697443944108e-13,,,,0.5853427450021463,0.6280676570170964,3.500866922392872e-14,0.9882169722062841
Default BKT Controller(20),0.9933074459316176,0.9996178502530649,0.9719425248316774,0.9999679883190626,0.5886156333617522,0.4945753405391236,0.8054810002468389,0.999989095201528,5.082499794670721e-16,2.097422111637836e-24,,,0.6141404460825121,0.5468545650816016,4.292720201188915e-12,0.9979251873145026,,,,,0.8707019138071768,0.7603869295608138,2.1326612176711687e-14,0.9999928228348672
Default BKT Controller(21),0.9792341431571888,0.9979038809793498,0.9326507080107244,0.9996707371357556,0.5964624955430959,0.5074861651546931,0.8216107162800094,0.9998430101308566,,,,,0.6527054939990614,0.5876290229795311,5.068897335012019e-12,0.9982423354978921,2.4980097517029254e-13,,,,0.8404750729897928,0.7494542015860093,2.5182728563932984e-14,0.9999704264981842
Default BKT Controller(22),0.9746477166469554,0.9969072444420296,0.92417303002828,0.9994007597499156,0.6409574329033785,0.5560394859337228,0.8507763123140775,0.9996803844800204,,3.1275624757999664e-24,1.5472661504043503e-10,4.95740007840602e-15,0.7298949731792322,0.6570977597853723,6.40107231912167e-12,0.999861093607572,3.154520602359748e-13,6.0317880330909934e-21,6.416594869302425e-12,,0.7449542262904298,0.7064995216855319,3.18010912585148e-14,0.99944586377691
Default BKT Controller(23),0.9783324450936258,0.99781105082489,0.9298711187933208,0.999656128212447,0.5859675000186516,0.4966300056737189,0.8151566316994341,0.9998360434608288,,,,,0.6720166957163366,0.5923329516258329,4.8534812252106955e-12,0.999816809740926,,,,,0.7697190037563606,0.6957149673449745,2.4112522350841768e-14,0.999849737389934
Default BKT Controller(24),0.9410140154778521,0.9910784620574518,0.8452022375717528,0.9978601480029861,0.5232336268509462,0.4365845295983833,0.7822473617035614,0.9987226330200192,4.871464392459874e-16,2.0103330143791333e-24,,,0.6641695189382077,0.5674136426951907,4.114478003288064e-12,0.99997846558871,,,,,0.5543621132940856,0.5526017600537788,2.0441089233213318e-14,0.9958205724407212
Default BKT Controller(25),0.9847349400058842,0.9984668778803549,0.9498594363567958,0.9997592883666212,0.6690944506529636,0.5849900180563719,0.8630248383885761,0.9998852359599929,,,,,0.6930683455473543,0.6467182987060557,6.934220304632007e-12,0.9872467821020864,,,,,0.9158095710127058,0.8367646758056824,3.444981742443803e-14,0.9999955568694631
Default BKT Controller(26),0.987245111041174,0.9989383123508006,0.9546580760001788,0.9998648095505877,0.6208744538253353,0.5314782692747895,0.8327416763888131,0.9999423787871182,,2.6244181441586813e-24,1.2983508372686126e-10,4.159881957368309e-15,0.7208113490132659,0.631315719242766,5.371304479567628e-12,0.9999835043222074,2.647039401775057e-13,5.061428533642396e-21,5.38432985081226e-12,,0.8939111454401953,0.7988226651439562,2.6685113902175505e-14,0.9999942640365532
Default BKT Controller(27),0.9377465471537916,0.9886510039566428,0.8476935046780976,0.9966407112317044,0.6055482761195409,0.52173189161215,0.8374092256863901,0.9977564211934814,7.124914280423928e-16,,,,0.7670858311046168,0.6713687917398165,6.0177599014038006e-12,0.9999985329550812,2.965619921574412e-13,,,,0.9344159073430492,0.8478578481243954,2.9896761394903214e-14,0.9999989477646912
Default BKT Controller(28),0.9902929392644946,0.9991942869249067,0.9652183610506264,0.9998974271191806,0.6833921802563258,0.5992217362584135,0.8677635406558172,0.9999562819474274,8.382087406088567e-16,,,,0.7492917691209515,0.6794262316250015,7.079578433800725e-12,0.9998744047108112,,,,,0.9173953811831842,0.8395785677546744,3.517196941717333e-14,0.9999956480955632
Default BKT Controller(29),0.938496397799768,0.9887950304660262,0.8493538016485677,0.9966836830174688,0.6086295165259088,0.5249542332290486,0.8391603604743971,0.9977851526128828,,,1.473523867397204e-10,,0.7068967257308977,0.6387904413844122,6.0959989570183214e-12,0.9995380671484376,,,6.110781706688171e-12,,0.8636893218531833,0.7824860009314348,3.0285459916580427e-14,0.9999754091507324
Default BKT Controller(3),0.989770056711513,0.9991504748921688,0.9633947324157748,0.9998918454039909,0.671816293682293,0.5864307801230345,0.8615631306128336,0.9999539027916396,,,,,0.7134195316564507,0.6536834261689061,6.714173304072459e-12,0.9986724709785358,,,,,0.91328960812586,0.8323119782505195,3.3356604538043516e-14,0.9999954112531648
Default BKT Controller(30),0.964658363841198,0.9947662483964984,0.9033060430412128,0.9987482129625108,0.6525020606045241,0.5700410839285479,0.8600692627221366,0.9992530240118738,8.334876241841643e-16,,,,0.7602567499044749,0.6850168528492432,7.0397035047952815e-12,0.99996012740387,,,,,0.8290054521274783,0.7683192525628042,3.497386725662585e-14,0.999896397512978
Default BKT Controller(4),0.99179799690312,0.9994353227551168,0.9682223405928541,0.9999416883959462,0.6332930694178045,0.5430945716741352,0.8366709199784288,0.9999777811279048,,,,,0.6957703553861924,0.6185821386232309,5.4173814799860595e-12,0.9998358750550213,2.6697466670376745e-13,,,,0.7119814135607282,0.6707524642230888,2.6914028499946004e-14,0.9993453093195128
Default BKT Controller(5),0.9815190634489912,0.9981384275970662,0.9397459293408952,0.9997076381430924,0.6247239507300394,0.5371434348263717,0.8383767544146086,0.9998606069246722,,2.789361653672168e-24,,,0.6502320258102242,0.6011360221680984,5.708888569775327e-12,0.9845517716538944,,5.379537058897357e-21,,,0.6331661350512215,0.6315101545681352,2.8362261405742663e-14,0.9969843064378492
Default BKT Controller(6),0.9763474819149496,0.9971190123046906,0.929010427249414,0.9994418866507128,0.6571600265056022,0.5735244084228356,0.8595846484447907,0.9997023259652844,,3.358168098307655e-24,,,0.7436890135499616,0.6729436439973808,6.873044750777067e-12,0.9998706310845942,,6.476531901508712e-21,,,0.8255823361421412,0.764027075258737,3.414589188291059e-14,0.9998938856088904
Default BKT Controller(7),0.9159590620251092,0.9843823704650508,0.8010749127741117,0.9953631066132876,0.5262357467727656,0.4411205250098664,0.7884284368733809,0.9969018242891104,,2.127410309372537e-24,,3.3720906028544327e-15,0.6327061586656151,0.5581364963409724,4.354095992689423e-12,0.9993533854346118,,4.102903825211514e-21,,3.8577559509189666e-12,0.8190257556986119,0.7198458657091327,2.163153251650304e-14,0.9999655716555156
Default BKT Controller(8),0.9868941270096402,0.9989087415769164,0.953452653793068,0.9998610405537784,0.6143797396051288,0.5246246723125286,0.8288760715738231,0.9999407722277309,,2.5532264311269463e-24,,,0.6880875765336032,0.6100426025515459,5.225598899851009e-12,0.9998298525970398,,4.924128855045175e-21,,,0.6123898059952337,0.6106977024687651,2.5961235744507986e-14,0.9967063185581064
Default BKT Controller(9),0.9848060012809838,0.9987324154135532,0.9463261622239696,0.9998385625385641,0.578300809765399,0.4871578912232321,0.8065465117492393,0.9999311906833291,,2.1976742671598147e-24,1.0872323189891635e-10,,0.6251441739711409,0.5583973703699998,4.4979027683184e-12,0.998019647410336,,4.238414243634254e-21,4.508810147261917e-12,,0.8237923016791716,0.7263518554166943,2.2345977248164574e-14,0.9999666723605464
