student,AD JCommTable4.R0C0,AD JCommTable4.R1C0,AD JCommTable5.R0C0,AD JCommTable5.R1C0,AD JCommTable6.R0C0,AD JCommTable6.R1C0,AD JCommTable8.R0C0,AD done,AS JCommTable4.R0C0,AS JCommTable4.R1C0,AS JCommTable5.R0C0,AS JCommTable5.R1C0,AS JCommTable6.R0C0,AS JCommTable6.R1C0,AS JCommTable8.R0C0,AS done,M  JCommTable4.R0C0,M  JCommTable4.R1C0,M  JCommTable5.R0C0,M  JCommTable5.R1C0,M  JCommTable6.R0C0,M  JCommTable6.R1C0,M  JCommTable8.R0C0,M  done
Streak Agent(1),0.9887149366481154,0.992080001342692,0.9852300704166108,0.9942726562619862,0.8879234965959208,0.8133214785974127,0.9197144635557571,0.9986722754943954,,1.6276417140648738e-10,2.693392817874787e-10,,0.9527554197177284,0.8534665231447801,7.178043362046851e-14,0.9985361504875522,,3.7902499593541853e-11,,,0.9771839306683022,0.9718164439033116,2.1358380406282052e-60,0.9983112822688912
Streak Agent(10),0.9887193321107471,0.9920800051874296,0.98536148226056,0.9942726653017441,0.8885469489846219,0.8254188446256374,0.9197144635557571,0.9986737941730224,,,,,0.9539696610378527,0.8608851175968517,1.2117518100105462e-13,0.9985662611425856,,,,,0.9829077328909684,0.9769507308245302,3.605586482390326e-60,0.998311488683098
Streak Agent(11),0.9887188114802612,0.9920800049863592,0.9853395935627286,0.9942726647907512,0.8884128703618329,0.8214812491736088,0.9197144635557571,0.9986736329608088,,1.9462296786816939e-10,3.22058656588106e-10,,0.9541210340665404,0.8618662920059413,8.583044355408296e-14,0.9985697287047358,,4.532138060210903e-11,,,0.9857279651383636,0.9793467743301918,2.553898285932493e-60,0.99831172365665
Streak Agent(12),0.9887179788838636,0.992080004406182,0.9853134753506664,0.9942726633907668,0.8882888902781634,0.8193810872576159,0.9197144635557571,0.9986733518622908,,,,,0.9542224214542184,0.8633370547454289,8.945358329407863e-14,0.9985716064670715,,,,,0.9907827187354704,0.9839499464375466,2.6617053761503127e-60,0.9983117884189712
Streak Agent(13),0.9887193935087945,0.9920800051970998,0.9853652230696998,0.994272665328467,0.8885762478491763,0.826295577773452,0.9197144635557571,0.9986738110077596,,,,,0.947442405601391,0.8337253554021447,5.182777876486995e-14,0.9983820079929364,,2.736682218969607e-11,,,0.991131013723542,0.98428438705261,1.5421436715270255e-60,0.99831178863516
Streak Agent(14),0.9887192972529391,0.992080005182204,0.9853591970080796,0.9942726652872768,0.8885267064608611,0.8242220593058607,0.9197144635557571,0.9986737847389792,,,2.962085768417553e-10,,0.9542318845386609,0.8636978045373671,7.894125189343868e-14,0.9985717357515322,,4.168365412242469e-11,2.700541860094342e-10,,0.9912796936455188,0.9844380436649086,2.3489093094687745e-60,0.9983117886433968
Streak Agent(15),0.988719259176638,0.9920800051764956,0.9853567007654735,0.9942726652714736,0.8885045959556429,0.8229187318879257,0.9197144635557571,0.9986737744338706,,1.2964387473917584e-10,,,0.9542319608461268,0.8637117036525,5.717409098260487e-14,0.9985717363592668,2.5544641861910955e-10,3.018985607838833e-11,1.9558978648003373e-10,,0.9911511232590172,0.9843054165075364,1.7012240286071986e-60,0.9983117886360166
Streak Agent(16),0.9887155892713992,0.9920800019066384,0.9852499196972202,0.9942726575885352,0.8880201875651077,0.8153889516603624,0.9197144635557571,0.9986725002695084,1.1003737577143745e-10,1.9065922032688209e-10,,,0.9529711662546704,0.854951108734145,8.408239596546847e-14,0.9985413568508844,3.756692331532692e-10,,,,0.9912837543452658,0.984442401809398,2.501884856251505e-60,0.9983117886434532
Streak Agent(17),0.9887012435897298,0.9920799675350476,0.98498968131819,0.9942725836676994,0.8872255961439528,0.8097831116380859,0.9197144635557571,0.9986667584555352,1.4699036714065424e-10,,,,0.943812108078487,0.8337872625605922,1.1231912944893916e-13,0.998234717095203,,,,,0.9870471698710108,0.9805593953492876,3.342073281915804e-60,0.9983117389829608
Streak Agent(18),0.9887188842159624,0.9920800050125388,0.9853428417466354,0.9942726648575576,0.8884342133742285,0.8222440630073308,0.9197144635557571,0.998673655167736,,,,,0.9542232541913128,0.8633702173129926,9.799875686847032e-14,0.998571617798691,,,3.352489842702734e-10,,0.9459346254461204,0.9456652641037566,2.91596835372524e-60,0.9982960392212866
Streak Agent(19),0.9887193953176141,0.9920800051971468,0.9853654786239407,0.9942726653286202,0.8885803602233816,0.8269545402830736,0.9197144635557571,0.9986738113924464,,2.2668078250652858e-10,,,0.9542319710806906,0.8637168144381758,9.996822225799228e-14,0.9985717364192788,,5.278660649331898e-11,,,0.9912345831749144,0.9843926948171472,2.974570104738404e-60,0.9983117886395708
Streak Agent(2),0.988715303990882,0.9920800016601212,0.9852412429072684,0.9942726570086624,0.8879779185704061,0.8144839080335351,0.9197144635557571,0.998672402013828,1.0236829727080686e-10,,,,0.9538256839780218,0.8593376894050241,7.822225534755071e-14,0.9985632546164056,3.494868853973102e-10,,,,0.98843931597987,0.981768790876011,2.3275154546766823e-60,0.9983117777013438
Streak Agent(20),0.9887183601145292,0.9920800046187904,0.9853275261424111,0.9942726639116656,0.8883684019066167,0.8215913301995792,0.9197144635557571,0.9986734754856228,,,4.590317333557955e-10,,0.9542086567981232,0.8631160461590774,1.2233453900044244e-13,0.9985713705592166,,6.459677910461534e-11,4.1850051213045997e-10,,0.9913416531248296,0.9845041547286046,3.6400833611760907e-60,0.9983117886443176
Streak Agent(21),0.9887135270588496,0.9920800001246312,0.98518720095298,0.9942726533967908,0.8877147269162579,0.8088915547157539,0.9197144635557571,0.9986717900060136,,1.236800815509564e-10,,,0.9522897648846582,0.8502775153483498,5.4544005642487536e-14,0.998524905519062,2.436955386473802e-10,2.880108195841394e-11,,,0.9727923067358921,0.9678731507574164,1.6229654275345898e-60,0.9983111222495148
Streak Agent(22),0.9887193739093946,0.9920800051949376,0.9853638985509408,0.9942726653222692,0.8885657081755214,0.8262120464991962,0.9197144635557571,0.9986738058552259,,,,,0.9515935186554906,0.8518608696947215,1.3395345212630025e-13,0.9984983202577116,,,,,0.9877389492921084,0.9811951862960656,3.9858059403427296e-60,0.9983117470035816
Streak Agent(23),0.9887152789319672,0.9920800016384674,0.9852404807489324,0.9942726569577268,0.8879742058716612,0.8144045053573566,0.9197144635557571,0.9986723933830906,,1.7629192612460032e-10,,,0.9528685609888228,0.8542445061998039,7.774629263821415e-14,0.9985388810831044,,4.1052675171769925e-11,,,0.9851474366141262,0.9788130721385041,2.313353109741659e-60,0.9983117168991564
Streak Agent(24),0.98868090261477,0.9920798814514674,0.984707748164324,0.9942724077247918,0.8865373283122121,0.8067120217622746,0.9197144635557571,0.9986579260540924,,,,,0.9515878583706094,0.8518357137654035,1.33665901291006e-13,0.9984981623316916,,,,,0.9896429615089688,0.9829036906577654,3.9772498202183743e-60,0.9983117822404108
Streak Agent(25),0.9887179880642074,0.9920800044113016,0.9853138137005576,0.9942726634033104,0.8882908048162032,0.8194341719766968,0.9197144635557571,0.9986733548392416,,,,,0.9542224832663708,0.863339516240737,9.003633619541895e-14,0.9985716073081922,,,,,0.9800226757535788,0.9743635492363292,2.679045279967998e-60,0.9983113849422912
Streak Agent(26),0.9887190717977802,0.9920800051215946,0.9853481430744684,0.994272665127836,0.8884504245304186,0.8214708983860941,0.9197144635557571,0.9986737182495634,,,,,0.9542307196593584,0.8635986029492665,6.121539110912008e-14,0.998571723610963,2.7350242311091013e-10,,2.0941487779489598e-10,,0.9205950199585782,0.9237646166730654,1.8214735465948752e-60,0.9982865758796898
Streak Agent(27),0.988715708779413,0.9920800020099082,0.9852535545702741,0.994272657831452,0.8880378958291356,0.8157686850387115,0.9197144635557571,0.9986725414301812,1.136026327342466e-10,,,1.0983848157636453e-13,0.9530106841948688,0.8552235246722711,8.680670073553864e-14,0.9985423102423858,3.8784107330712567e-10,,,,0.9403806913322218,0.9408790160193884,2.582946971213758e-60,0.9982940086719648
Streak Agent(28),0.9886970091145744,0.992079958749882,0.984901999021474,0.9942725646192352,0.8869091456590157,0.8057224878871522,0.9197144635557571,0.9986651131878094,1.1918822740063427e-10,2.065146896577652e-10,,,0.9414141937020398,0.8271016292563153,9.10747976363213e-14,0.9981561358550302,4.069103763478831e-10,4.809057714263482e-11,,2.4596828420766715e-10,0.967836454891186,0.9639480373165245,2.7099448627279796e-60,0.9983091879689316
Streak Agent(29),0.9887193647220744,0.9920800051940486,0.985363168777454,0.9942726653197059,0.888558203169723,0.8256418398056602,0.9197144635557571,0.9986738035141516,,2.179922606770985e-10,,,0.9542319715825645,0.8637173682182122,9.61365075800834e-14,0.998571736421518,,5.076333139330718e-11,3.288783199666518e-10,,0.9910995197302416,0.9842580563886908,2.860556834587538e-60,0.998311788612142
Streak Agent(3),0.98854546924936,0.9920791387562692,0.9829160983798204,0.9942709336259224,0.8820405002475844,0.7770757355253709,0.9197144635557571,0.9985975720349728,9.768744936793285e-11,1.6926078799870438e-10,,,0.9541937621607726,0.8627322145610961,7.464549877642837e-14,0.9985711368194754,3.335064012257851e-10,3.9415351013179064e-11,,,0.9325697301632859,0.9341345007171254,2.2210885029106237e-60,0.9982911120290352
Streak Agent(30),0.9887193123616546,0.992080005184469,0.985360187523168,0.9942726652935472,0.888535480236595,0.8247403657418833,0.9197144635557571,0.9986737888280568,,,,,0.95423197162941,0.8637174915585709,9.298900582016862e-14,0.9985717364216752,,,,,0.9901942471306836,0.9833949283256396,2.766902426934978e-60,0.9983117872316924
Streak Agent(4),0.9886701052213944,0.9920798467402098,0.9845233322784944,0.9942723354656754,0.8859646997271472,0.8010237565052188,0.9197144635557571,0.9986534701160408,,2.3669668528431675e-10,,,0.9532161316272352,0.8566422081061874,1.0438532362923957e-13,0.9985472655274296,,,,,0.948593197351557,0.9479536006057451,3.1060016476000713e-60,0.9982970027978548
Streak Agent(5),0.9886721894467396,0.9920799072555938,0.9843883625601194,0.9942724529665816,0.8850587995737418,0.7827166659125361,0.9197144635557571,0.9986554695518518,5.652320050536977e-11,,,,0.9542260472812087,0.8633531292257592,4.3190834864525734e-14,0.9985716665147499,1.9297104500304584e-10,,,,0.9680299491608141,0.9635930611170876,1.2851500535354474e-60,0.9983109470806932
Streak Agent(6),0.9886350377486584,0.9920795849891696,0.9841761931050363,0.9942718254841442,0.8853988448055479,0.8023327692202603,0.9197144635557571,0.9986368354724184,,3.490046130537459e-10,,,0.9466055496987984,0.8416693786514116,1.5391410928339212e-13,0.9983257734592812,,,,,0.9772988553252429,0.9722380669845884,4.579738419177855e-60,0.9983102497585236
Streak Agent(7),0.9886963647682424,0.9920799574130652,0.9848886579937434,0.9942725617206779,0.8868610119663654,0.8051081600735244,0.9197144635557571,0.9986648628320028,,,,,0.9502452823716168,0.8459022510223372,8.852687409561056e-14,0.9984606517628803,,,,,0.9798318436313838,0.9741923675752778,2.6341309988603716e-60,0.9983113780588148
Streak Agent(8),0.9884313328605672,0.9920777814318018,0.9820198252676612,0.9942683982050587,0.8808883136413561,0.7809531196227946,0.9197144635557571,0.99853969043197,,,,,0.9532994527435832,0.8572187359698272,1.1372215389424207e-13,0.9985492745946062,,,,,0.9823597187294094,0.9764594124339194,3.383820493949296e-60,0.9983114690244974
Streak Agent(9),0.9886749499897742,0.9920798623151738,0.9846060712642732,0.9942723678883876,0.8862215470313736,0.8035661317152955,0.9197144635557571,0.9986554694934741,,2.624979921995584e-10,4.343770503916709e-10,,0.9542245919626252,0.8634234973612671,1.157639273046038e-13,0.9985716360026132,,,3.9602276887756655e-10,,0.990420648321246,0.9836139708009428,3.4445737814433576e-60,0.9983117875096068
